Air
1 3 101
															
28.958538
	200.00  	200.00  	200.00  
	1000.0		1000.0		1000.0	

 200 	 1004.37722 	 1.43692141e-005 	 0.0199273382 
 208 	 1004.37722 	 1.46537806e-005 	 0.0203219773 
 216 	 1004.37722 	 1.49329253e-005 	 0.0207090973 
 224 	 1004.37722 	 1.52069468e-005 	 0.0210891125 
 232 	 1004.37722 	 1.54761172e-005 	 0.0214624001 
 240 	 1004.37722 	 1.57406854e-005 	 0.0218293053 
 248 	 1004.37722 	 1.60008797e-005 	 0.0221901447 
 256 	 1004.51021 	 1.63726965e-005 	 0.02274711 
 264 	 1004.73698 	 1.67775072e-005 	 0.0233647886 
 272 	 1005.01917 	 1.71766768e-005 	 0.0239759708 
 280 	 1005.35562 	 1.75703937e-005 	 0.0245808931 
 288 	 1005.74517 	 1.79588406e-005 	 0.025179785 
 296 	 1006.18666 	 1.83421946e-005 	 0.0257728686 
 304 	 1006.67896 	 1.87206271e-005 	 0.0263603593 
 312 	 1007.22092 	 1.90943038e-005 	 0.0269424655 
 320 	 1007.81145 	 1.94633847e-005 	 0.0275193889 
 328 	 1008.44941 	 1.9828024e-005 	 0.0280913244 
 336 	 1009.13373 	 2.01883703e-005 	 0.0286584603 
 344 	 1009.8633 	 2.05445665e-005 	 0.0292209786 
 352 	 1010.63706 	 2.08967498e-005 	 0.0297790546 
 360 	 1011.45393 	 2.12450517e-005 	 0.0303328576 
 368 	 1012.31286 	 2.15895979e-005 	 0.0308825505 
 376 	 1013.21281 	 2.19305086e-005 	 0.0314282902 
 384 	 1014.15273 	 2.22678981e-005 	 0.0319702276 
 392 	 1015.13161 	 2.26018751e-005 	 0.0325085076 
 400 	 1016.14844 	 2.29325427e-005 	 0.0330432694 
 408 	 1017.2022 	 2.3259998e-005 	 0.0335746463 
 416 	 1018.29191 	 2.35843327e-005 	 0.0341027663 
 424 	 1019.41659 	 2.39056328e-005 	 0.0346277515 
 432 	 1020.57526 	 2.42239783e-005 	 0.0351497189 
 440 	 1021.76696 	 2.45394437e-005 	 0.03566878 
 448 	 1022.99075 	 2.4852098e-005 	 0.0361850411 
 456 	 1024.24568 	 2.51620042e-005 	 0.0366986034 
 464 	 1025.53083 	 2.54692196e-005 	 0.0372095631 
 472 	 1026.84527 	 2.5773796e-005 	 0.0377180115 
 480 	 1028.1881 	 2.60757794e-005 	 0.0382240348 
 488 	 1029.55843 	 2.637521e-005 	 0.0387277147 
 496 	 1030.95536 	 2.66721226e-005 	 0.0392291283 
 504 	 1032.37802 	 2.69665459e-005 	 0.0397283479 
 512 	 1033.82554 	 2.72585033e-005 	 0.0402254417 
 520 	 1035.29708 	 2.75480121e-005 	 0.0407204732 
 528 	 1036.79178 	 2.78350843e-005 	 0.041213502 
 536 	 1038.30881 	 2.81197259e-005 	 0.0417045831 
 544 	 1039.84735 	 2.84019374e-005 	 0.0421937679 
 552 	 1041.40659 	 2.86817134e-005 	 0.0426811035 
 560 	 1042.98573 	 2.8959043e-005 	 0.0431666333 
 568 	 1044.58396 	 2.92339095e-005 	 0.043650397 
 576 	 1046.20052 	 2.95062905e-005 	 0.0441324304 
 584 	 1047.83464 	 2.97761579e-005 	 0.0446127659 
 592 	 1049.48555 	 3.00434779e-005 	 0.0450914325 
 600 	 1051.1525 	 3.03152893e-005 	 0.0455684556 
 608 	 1052.83476 	 3.05770625e-005 	 0.0460438574 
 616 	 1054.5316 	 3.08372683e-005 	 0.0465176571 
 624 	 1056.2423 	 3.10959228e-005 	 0.0469898705 
 632 	 1057.96616 	 3.13530419e-005 	 0.0474605107 
 640 	 1059.70248 	 3.16086416e-005 	 0.0479295877 
 648 	 1061.45057 	 3.18627374e-005 	 0.0483971089 
 656 	 1063.20976 	 3.21153451e-005 	 0.0488630788 
 664 	 1064.97939 	 3.23664802e-005 	 0.0493274995 
 672 	 1066.75879 	 3.26161581e-005 	 0.0497903704 
 680 	 1068.54734 	 3.2864394e-005 	 0.0502516887 
 688 	 1070.34439 	 3.31112033e-005 	 0.0507114492 
 696 	 1072.14933 	 3.33566008e-005 	 0.0511696444 
 704 	 1073.96155 	 3.36006018e-005 	 0.0516262648 
 712 	 1075.78043 	 3.38432209e-005 	 0.052081299 
 720 	 1077.6054 	 3.40844729e-005 	 0.0525347334 
 728 	 1079.43587 	 3.43243726e-005 	 0.0529865528 
 736 	 1081.27128 	 3.45629344e-005 	 0.0534367401 
 744 	 1083.11106 	 3.48001728e-005 	 0.0538852769 
 752 	 1084.95467 	 3.50361021e-005 	 0.0543321429 
 760 	 1086.80158 	 3.52707366e-005 	 0.0547773166 
 768 	 1088.65125 	 3.55040902e-005 	 0.055220775 
 776 	 1090.50316 	 3.57361771e-005 	 0.0556624941 
 784 	 1092.35682 	 3.59670111e-005 	 0.0561024485 
 792 	 1094.21174 	 3.6196606e-005 	 0.056540612 
 800 	 1096.06741 	 3.64249755e-005 	 0.0569769574 
 808 	 1097.92338 	 3.66521331e-005 	 0.0574114564 
 816 	 1099.77918 	 3.68780923e-005 	 0.0578440803 
 824 	 1101.63435 	 3.71028664e-005 	 0.0582747996 
 832 	 1103.48845 	 3.73264688e-005 	 0.0587035842 
 840 	 1105.34106 	 3.75489124e-005 	 0.0591304037 
 848 	 1107.19176 	 3.77702103e-005 	 0.0595552271 
 856 	 1109.04012 	 3.79903755e-005 	 0.0599780234 
 864 	 1110.88576 	 3.82094208e-005 	 0.0603987613 
 872 	 1112.72828 	 3.84273588e-005 	 0.0608174094 
 880 	 1114.56731 	 3.86442021e-005 	 0.0612339364 
 888 	 1116.40247 	 3.88599632e-005 	 0.0616483112 
 896 	 1118.23342 	 3.90746546e-005 	 0.0620605027 
 904 	 1120.0598 	 3.92882883e-005 	 0.0624704804 
 912 	 1121.88128 	 3.95008767e-005 	 0.062878214 
 920 	 1123.69754 	 3.97124317e-005 	 0.0632836739 
 928 	 1125.50825 	 3.99229653e-005 	 0.0636868309 
 936 	 1127.31311 	 4.01324893e-005 	 0.0640876567 
 944 	 1129.11184 	 4.03410154e-005 	 0.0644861237 
 952 	 1130.90415 	 4.05485553e-005 	 0.0648822053 
 960 	 1132.68976 	 4.07551204e-005 	 0.0652758759 
 968 	 1134.46841 	 4.09607221e-005 	 0.0656671109 
 976 	 1136.23986 	 4.11653718e-005 	 0.066055887 
 984 	 1138.00386 	 4.13690805e-005 	 0.0664421821 
 992 	 1139.76018 	 4.15718594e-005 	 0.0668259757 
 1000 	 1141.5086 	 4.17737195e-005 	 0.0672072485 


        Gas_cp,           GAS_viscosity           conductivity
