Water_ReheatedVap
1 3 9
															
18.0153
	200.00  	200.00  	200.00  
	1010.0		1010.0		1010.0	

  273.160000     1884.35203      0.921626186E-05 0.170711164E-01 
  303.834695     1870.74244      0.100371607E-04 0.188293646E-01 
  333.433889     1876.93894      0.109684039E-04 0.208436313E-01 
  362.406633     1886.56173      0.119659890E-04 0.230395542E-01 
  413.336088     1908.75185      0.138543815E-04 0.273198971E-01 
  703.428521     2083.63393      0.257074431E-04 0.582945924E-01 
  788.979016     2141.75711      0.292192757E-04 0.689147594E-01 
  894.215800     2215.51381      0.334523254E-04 0.826352408E-01 
  1002.96971     2292.80124      0.377024339E-04 0.974446278E-01 
 
