 AL2219

 3 2 34

2800	70.E9	0.30

          20.       30.
         600.      600. 

 20	23.98     22.03 
 30     65.93     22.03
 40    117.15     29.04
 50    174.16     36.11
 60    234.06     43.00
 70    294.47     49.55
 80    353.52     55.69
 90    409.79     61.37
100    462.30     66.61
120    553.76     75.83
140    626.22     83.67
160    681.29     90.46
180    722.42     96.49
200    753.65    101.92
220    778.73    106.88
240    800.57    111.39
260    820.94    115.48
280    840.56    119.17
300    859.31    122.50
320    876.57    125.53
340    891.60    128.32
360    903.95    130.95
380    913.66    133.45
400    921.32    135.86
420    928.03    138.17
440    935.05    140.33
460    943.43    142.32
480    953.48    144.12
500    964.50    145.77
520    974.70    147.37
540    981.87    149.11
560    984.90    151.12
580    986.87    153.40
600   1000.01    155.49
